0x00000239FB4B4540  f4 14 00 00 00 00 00 00 f0 d8 51 fb 39 02 00 00 b0 9d 55 fb 39 02 00 00  ?.......??Q?9...??U?9...	=> 2
0x00000239FB523698  f5 14 00 00 01 00 00 00 b0 9d 55 fb 39 02 00 00 f0 d8 51 fb 39 02 00 00  ?.......??U?9...??Q?9...	=> 3
0x00000239FB4EAC30  f6 14 00 00 01 00 00 00 20 a4 55 fb 39 02 00 00 b0 9d 55 fb 39 02 00 00  ?....... ?U?9...??U?9...	=> 1
0x00000239FB5236B0  f7 14 00 00 01 00 00 00 f0 9e 55 fb 39 02 00 00 20 a4 55 fb 39 02 00 00  ?.......??U?9... ?U?9...	=> 3
0x00000239FB4B4558  f8 14 00 00 00 00 00 00 50 d8 51 fb 39 02 00 00 f0 9e 55 fb 39 02 00 00  ?.......P?Q?9...??U?9...	=> 2
0x00000239FB4EAC48  f9 14 00 00 01 00 00 00 f0 9e 55 fb 39 02 00 00 50 d8 51 fb 39 02 00 00  ?.......??U?9...P?Q?9...	=> 1
0x00000239FB5236C8  fa 14 00 00 01 00 00 00 60 a1 55 fb 39 02 00 00 f0 9e 55 fb 39 02 00 00  ?.......`?U?9...??U?9...	=> 3
0x00000239FB4EAC60  fb 14 00 00 01 00 00 00 50 9d 55 fb 39 02 00 00 60 a1 55 fb 39 02 00 00  ?.......P?U?9...`?U?9...	=> 1
0x00000239FB5236E0  fc 14 00 00 01 00 00 00 10 9d 55 fb 39 02 00 00 50 9d 55 fb 39 02 00 00  ?........?U?9...P?U?9...	=> 3
0x00000239FB4B4570  fd 14 00 00 00 00 00 00 f0 d8 51 fb 39 02 00 00 10 9d 55 fb 39 02 00 00  ?.......??Q?9....?U?9...	=> 2
0x00000239FB4EAC78  fe 14 00 00 01 00 00 00 10 9d 55 fb 39 02 00 00 f0 d8 51 fb 39 02 00 00  ?........?U?9...??Q?9...	=> 1
0x00000239FB5236F8  ff 14 00 00 01 00 00 00 30 9d 55 fb 39 02 00 00 10 9d 55 fb 39 02 00 00  ........0?U?9....?U?9...	=> 3
0x00000239FB4B4588  00 15 00 00 00 00 00 00 50 d9 51 fb 39 02 00 00 30 9d 55 fb 39 02 00 00  ........P?Q?9...0?U?9...	=> 2
0x00000239FB523710  01 15 00 00 01 00 00 00 30 9d 55 fb 39 02 00 00 50 d9 51 fb 39 02 00 00  ........0?U?9...P?Q?9...	=> 3
0x00000239FB4EAC90  02 15 00 00 01 00 00 00 70 9f 55 fb 39 02 00 00 30 9d 55 fb 39 02 00 00  ........p?U?9...0?U?9...	=> 1
0x00000239FB4B45A0  03 15 00 00 00 00 00 00 50 d7 51 fb 39 02 00 00 70 9f 55 fb 39 02 00 00  ........P?Q?9...p?U?9...	=> 2
0x00000239FB4EACA8  04 15 00 00 01 00 00 00 70 9f 55 fb 39 02 00 00 50 d7 51 fb 39 02 00 00  ........p?U?9...P?Q?9...	=> 1
0x00000239FB4EACC0  05 15 00 00 01 00 00 00 00 a2 55 fb 39 02 00 00 70 9f 55 fb 39 02 00 00  .........?U?9...p?U?9...	=> 1
0x00000239FB523728  06 15 00 00 01 00 00 00 b0 9f 55 fb 39 02 00 00 00 a2 55 fb 39 02 00 00  ........??U?9....?U?9...	=> 3
0x00000239FB4B45B8  07 15 00 00 00 00 00 00 50 d7 51 fb 39 02 00 00 b0 9f 55 fb 39 02 00 00  ........P?Q?9...??U?9...	=> 2
0x00000239FB4EACD8  08 15 00 00 01 00 00 00 b0 9f 55 fb 39 02 00 00 50 d7 51 fb 39 02 00 00  ........??U?9...P?Q?9...	=> 1
0x00000239FB4B45D0  09 15 00 00 00 00 00 00 70 d7 51 fb 39 02 00 00 b0 9f 55 fb 39 02 00 00  ........p?Q?9...??U?9...	=> 2
0x00000239FB523740  0a 15 00 00 01 00 00 00 b0 9f 55 fb 39 02 00 00 70 d7 51 fb 39 02 00 00  ........??U?9...p?Q?9...	=> 3
0x00000239FB4EACF0  0b 15 00 00 01 00 00 00 d0 9e 55 fb 39 02 00 00 b0 9f 55 fb 39 02 00 00  ........??U?9...??U?9...	=> 1
0x00000239FB4B45E8  0c 15 00 00 00 00 00 00 50 d7 51 fb 39 02 00 00 d0 9e 55 fb 39 02 00 00  ........P?Q?9...??U?9...	=> 2
0x00000239FB523758  0d 15 00 00 01 00 00 00 d0 9e 55 fb 39 02 00 00 50 d7 51 fb 39 02 00 00  ........??U?9...P?Q?9...	=> 3
0x00000239FB4EAD08  0e 15 00 00 01 00 00 00 90 9d 55 fb 39 02 00 00 d0 9e 55 fb 39 02 00 00  ........??U?9...??U?9...	=> 1
0x00000239FB4B4600  0f 15 00 00 00 00 00 00 d0 d9 51 fb 39 02 00 00 90 9d 55 fb 39 02 00 00  ........??Q?9...??U?9...	=> 2
0x00000239FB4EAD20  10 15 00 00 01 00 00 00 90 9d 55 fb 39 02 00 00 d0 d9 51 fb 39 02 00 00  ........??U?9...??Q?9...	=> 1
0x00000239FB523770  11 15 00 00 01 00 00 00 c0 a1 55 fb 39 02 00 00 90 9d 55 fb 39 02 00 00  ........??U?9...??U?9...	=> 3
0x00000239FB4EAD38  12 15 00 00 01 00 00 00 40 a2 55 fb 39 02 00 00 c0 a1 55 fb 39 02 00 00  ........@?U?9...??U?9...	=> 1
0x00000239FB4B4618  13 15 00 00 00 00 00 00 50 d7 51 fb 39 02 00 00 40 a2 55 fb 39 02 00 00  ........P?Q?9...@?U?9...	=> 2
0x00000239FB523788  14 15 00 00 01 00 00 00 40 a2 55 fb 39 02 00 00 50 d7 51 fb 39 02 00 00  ........@?U?9...P?Q?9...	=> 3
0x00000239FB4B4630  15 15 00 00 00 00 00 00 f0 d8 51 fb 39 02 00 00 40 a2 55 fb 39 02 00 00  ........??Q?9...@?U?9...	=> 2
0x00000239FB4EAD50  16 15 00 00 01 00 00 00 40 a2 55 fb 39 02 00 00 f0 d8 51 fb 39 02 00 00  ........@?U?9...??Q?9...	=> 1
0x00000239FB5237A0  17 15 00 00 01 00 00 00 50 9f 55 fb 39 02 00 00 40 a2 55 fb 39 02 00 00  ........P?U?9...@?U?9...	=> 3
0x00000239FB4B4648  18 15 00 00 00 00 00 00 50 d9 51 fb 39 02 00 00 50 9f 55 fb 39 02 00 00  ........P?Q?9...P?U?9...	=> 2
0x00000239FB5237B8  19 15 00 00 01 00 00 00 50 9f 55 fb 39 02 00 00 50 d9 51 fb 39 02 00 00  ........P?U?9...P?Q?9...	=> 3
0x00000239FB4EAD68  1a 15 00 00 01 00 00 00 d0 9c 55 fb 39 02 00 00 50 9f 55 fb 39 02 00 00  ........??U?9...P?U?9...	=> 1
0x00000239FB4B4660  1b 15 00 00 00 00 00 00 f0 d8 51 fb 39 02 00 00 d0 9c 55 fb 39 02 00 00  ........??Q?9...??U?9...	=> 2
0x00000239FB5237D0  1c 15 00 00 01 00 00 00 d0 9c 55 fb 39 02 00 00 f0 d8 51 fb 39 02 00 00  ........??U?9...??Q?9...	=> 3
0x00000239FB4B4678  1d 15 00 00 00 00 00 00 90 d9 51 fb 39 02 00 00 d0 9c 55 fb 39 02 00 00  ........??Q?9...??U?9...	=> 2
0x00000239FB4EAD80  1e 15 00 00 01 00 00 00 d0 9c 55 fb 39 02 00 00 90 d9 51 fb 39 02 00 00  ........??U?9...??Q?9...	=> 1
0x00000239FB5237E8  1f 15 00 00 01 00 00 00 70 9e 55 fb 39 02 00 00 d0 9c 55 fb 39 02 00 00  ........p?U?9...??U?9...	=> 3
0x00000239FB4B4690  20 15 00 00 00 00 00 00 d0 d9 51 fb 39 02 00 00 70 9e 55 fb 39 02 00 00   .......??Q?9...p?U?9...	=> 2
0x00000239FB4EAD98  21 15 00 00 01 00 00 00 70 9e 55 fb 39 02 00 00 d0 d9 51 fb 39 02 00 00  !.......p?U?9...??Q?9...	=> 1
0x00000239FB523800  22 15 00 00 01 00 00 00 c0 a2 55 fb 39 02 00 00 70 9e 55 fb 39 02 00 00  ".......??U?9...p?U?9...	=> 3
0x00000239FB4B46A8  23 15 00 00 00 00 00 00 10 da 51 fb 39 02 00 00 c0 a2 55 fb 39 02 00 00  #........?Q?9...??U?9...	=> 2
0x00000239FB523818  24 15 00 00 01 00 00 00 c0 a2 55 fb 39 02 00 00 10 da 51 fb 39 02 00 00  $.......??U?9....?Q?9...	=> 3
0x00000239FB4EADB0  25 15 00 00 01 00 00 00 50 9e 55 fb 39 02 00 00 c0 a2 55 fb 39 02 00 00  %.......P?U?9...??U?9...	=> 1
0x00000239FB4B46C0  26 15 00 00 00 00 00 00 f0 d8 51 fb 39 02 00 00 50 9e 55 fb 39 02 00 00  &.......??Q?9...P?U?9...	=> 2
0x00000239FB523830  27 15 00 00 01 00 00 00 50 9e 55 fb 39 02 00 00 f0 d8 51 fb 39 02 00 00  '.......P?U?9...??Q?9...	=> 3
0x00000239FB4EADC8  28 15 00 00 01 00 00 00 c0 a0 55 fb 39 02 00 00 50 9e 55 fb 39 02 00 00  (.......??U?9...P?U?9...	=> 1
0x00000239FB4B46D8  29 15 00 00 00 00 00 00 30 d8 51 fb 39 02 00 00 c0 a0 55 fb 39 02 00 00  ).......0?Q?9...??U?9...	=> 2
0x00000239FB523848  2a 15 00 00 01 00 00 00 c0 a0 55 fb 39 02 00 00 30 d8 51 fb 39 02 00 00  *.......??U?9...0?Q?9...	=> 3
0x00000239FB4EADE0  2b 15 00 00 01 00 00 00 00 a3 55 fb 39 02 00 00 c0 a0 55 fb 39 02 00 00  +........?U?9...??U?9...	=> 1
0x00000239FB4B46F0  2c 15 00 00 00 00 00 00 50 d7 51 fb 39 02 00 00 00 a3 55 fb 39 02 00 00  ,.......P?Q?9....?U?9...	=> 2
0x00000239FB523860  2d 15 00 00 01 00 00 00 00 a3 55 fb 39 02 00 00 50 d7 51 fb 39 02 00 00  -........?U?9...P?Q?9...	=> 3
0x00000239FB4EADF8  2e 15 00 00 01 00 00 00 70 9d 55 fb 39 02 00 00 00 a3 55 fb 39 02 00 00  ........p?U?9....?U?9...	=> 1
0x00000239FB4B4708  2f 15 00 00 00 00 00 00 90 d9 51 fb 39 02 00 00 70 9d 55 fb 39 02 00 00  /.......??Q?9...p?U?9...	=> 2
0x00000239FB4EAE10  30 15 00 00 01 00 00 00 70 9d 55 fb 39 02 00 00 90 d9 51 fb 39 02 00 00  0.......p?U?9...??Q?9...	=> 1
0x00000239FB523878  31 15 00 00 01 00 00 00 d0 9f 55 fb 39 02 00 00 70 9d 55 fb 39 02 00 00  1.......??U?9...p?U?9...	=> 3
0x00000239FB4B4720  32 15 00 00 00 00 00 00 f0 d8 51 fb 39 02 00 00 d0 9f 55 fb 39 02 00 00  2.......??Q?9...??U?9...	=> 2
0x00000239FB4EAE28  33 15 00 00 01 00 00 00 d0 9f 55 fb 39 02 00 00 f0 d8 51 fb 39 02 00 00  3.......??U?9...??Q?9...	=> 1
0x00000239FB523890  34 15 00 00 01 00 00 00 a0 a1 55 fb 39 02 00 00 d0 9f 55 fb 39 02 00 00  4.......??U?9...??U?9...	=> 3
0x00000239FB4B4738  35 15 00 00 00 00 00 00 90 d9 51 fb 39 02 00 00 a0 a1 55 fb 39 02 00 00  5.......??Q?9...??U?9...	=> 2
0x00000239FB4EAE40  36 15 00 00 01 00 00 00 a0 a1 55 fb 39 02 00 00 90 d9 51 fb 39 02 00 00  6.......??U?9...??Q?9...	=> 1
0x00000239FB5238A8  37 15 00 00 01 00 00 00 f0 9f 55 fb 39 02 00 00 a0 a1 55 fb 39 02 00 00  7.......??U?9...??U?9...	=> 3
0x00000239FB4B4750  38 15 00 00 00 00 00 00 f0 d8 51 fb 39 02 00 00 f0 9f 55 fb 39 02 00 00  8.......??Q?9...??U?9...	=> 2
0x00000239FB5238C0  39 15 00 00 01 00 00 00 f0 9f 55 fb 39 02 00 00 f0 d8 51 fb 39 02 00 00  9.......??U?9...??Q?9...	=> 3
0x00000239FB4EAE58  3a 15 00 00 01 00 00 00 10 9e 55 fb 39 02 00 00 f0 9f 55 fb 39 02 00 00  :........?U?9...??U?9...	=> 1
0x00000239FB4B4768  3b 15 00 00 00 00 00 00 50 d9 51 fb 39 02 00 00 10 9e 55 fb 39 02 00 00  ;.......P?Q?9....?U?9...	=> 2
0x00000239FB5238D8  3c 15 00 00 01 00 00 00 10 9e 55 fb 39 02 00 00 50 d9 51 fb 39 02 00 00  <........?U?9...P?Q?9...	=> 3
0x00000239FB4B4780  3d 15 00 00 00 00 00 00 f0 d7 51 fb 39 02 00 00 10 9e 55 fb 39 02 00 00  =.......??Q?9....?U?9...	=> 2
0x00000239FB4EAE70  3e 15 00 00 01 00 00 00 10 9e 55 fb 39 02 00 00 f0 d7 51 fb 39 02 00 00  >........?U?9...??Q?9...	=> 1
0x00000239FB4EAE88  3f 15 00 00 01 00 00 00 40 a1 55 fb 39 02 00 00 10 9e 55 fb 39 02 00 00  ?.......@?U?9....?U?9...	=> 1
0x00000239FB5238F0  40 15 00 00 01 00 00 00 80 a2 55 fb 39 02 00 00 40 a1 55 fb 39 02 00 00  @........?U?9...@?U?9...	=> 3
0x00000239FB4B4798  41 15 00 00 00 00 00 00 f0 d8 51 fb 39 02 00 00 80 a2 55 fb 39 02 00 00  A.......??Q?9....?U?9...	=> 2
0x00000239FB523908  42 15 00 00 01 00 00 00 80 a2 55 fb 39 02 00 00 f0 d8 51 fb 39 02 00 00  B........?U?9...??Q?9...	=> 3
0x00000239FB4EAEA0  43 15 00 00 01 00 00 00 20 a1 55 fb 39 02 00 00 80 a2 55 fb 39 02 00 00  C....... ?U?9....?U?9...	=> 1
0x00000239FB4B47B0  44 15 00 00 00 00 00 00 70 d7 51 fb 39 02 00 00 20 a1 55 fb 39 02 00 00  D.......p?Q?9... ?U?9...	=> 2
0x00000239FB523920  45 15 00 00 01 00 00 00 20 a1 55 fb 39 02 00 00 70 d7 51 fb 39 02 00 00  E....... ?U?9...p?Q?9...	=> 3
0x00000239FB4EAEB8  46 15 00 00 01 00 00 00 e0 a2 55 fb 39 02 00 00 20 a1 55 fb 39 02 00 00  F.......??U?9... ?U?9...	=> 1
0x00000239FB4B47C8  47 15 00 00 00 00 00 00 f0 d7 51 fb 39 02 00 00 e0 a2 55 fb 39 02 00 00  G.......??Q?9...??U?9...	=> 2
0x00000239FB4EAED0  48 15 00 00 01 00 00 00 e0 a2 55 fb 39 02 00 00 f0 d7 51 fb 39 02 00 00  H.......??U?9...??Q?9...	=> 1
0x00000239FB523938  49 15 00 00 01 00 00 00 30 a0 55 fb 39 02 00 00 e0 a2 55 fb 39 02 00 00  I.......0?U?9...??U?9...	=> 3
0x00000239FB4EAEE8  4a 15 00 00 01 00 00 00 20 a3 55 fb 39 02 00 00 30 a0 55 fb 39 02 00 00  J....... ?U?9...0?U?9...	=> 1
0x00000239FB4B47E0  4b 15 00 00 00 00 00 00 90 d9 51 fb 39 02 00 00 20 a3 55 fb 39 02 00 00  K.......??Q?9... ?U?9...	=> 2
0x00000239FB4EAF00  4c 15 00 00 01 00 00 00 20 a3 55 fb 39 02 00 00 90 d9 51 fb 39 02 00 00  L....... ?U?9...??Q?9...	=> 1
0x00000239FB523950  4d 15 00 00 01 00 00 00 b0 9c 55 fb 39 02 00 00 20 a3 55 fb 39 02 00 00  M.......??U?9... ?U?9...	=> 3
0x00000239FB4B47F8  4e 15 00 00 00 00 00 00 50 d7 51 fb 39 02 00 00 b0 9c 55 fb 39 02 00 00  N.......P?Q?9...??U?9...	=> 2
0x00000239FB523968  4f 15 00 00 01 00 00 00 b0 9c 55 fb 39 02 00 00 50 d7 51 fb 39 02 00 00  O.......??U?9...P?Q?9...	=> 3
0x00000239FB4EAF18  50 15 00 00 01 00 00 00 90 9e 55 fb 39 02 00 00 b0 9c 55 fb 39 02 00 00  P.......??U?9...??U?9...	=> 1
0x00000239FB4B4810  51 15 00 00 00 00 00 00 50 d9 51 fb 39 02 00 00 90 9e 55 fb 39 02 00 00  Q.......P?Q?9...??U?9...	=> 2
0x00000239FB4EAF30  52 15 00 00 01 00 00 00 90 9e 55 fb 39 02 00 00 50 d9 51 fb 39 02 00 00  R.......??U?9...P?Q?9...	=> 1
0x00000239FB523980  53 15 00 00 01 00 00 00 90 9e 55 fb 39 02 00 00 90 9e 55 fb 39 02 00 00  S.......??U?9...??U?9...	=> 3 (문제상황)
0x00000239FB4B4828  54 15 00 00 00 00 00 00 f0 d7 51 fb 39 02 00 00 90 9e 55 fb 39 02 00 00  T.......??Q?9...??U?9...	=> 2
0x00000239FB523998  56 15 00 00 01 00 00 00 90 9e 55 fb 39 02 00 00 f0 d7 51 fb 39 02 00 00  V.......??U?9...??Q?9...	=> 3
0x00000239FB4EAF48  56 15 00 00 01 00 00 00 00 a4 55 fb 39 02 00 00 90 9e 55 fb 39 02 00 00 			=> 1